102514 599.997911 697.544643 127.353645
102562 600.298197 806.051587 158.079722
102610 600.598483 815.590659 132.306276
102658 600.898769 248.015873 87.686853
102706 601.199055 772.664835 128.777473
102754 601.499340 310.019841 98.036882
102802 601.799626 1116.071429 186.011905
102850 602.099912 620.039683 138.645088
102898 602.400198 686.813187 121.412565
102946 602.700484 781.250000 147.642372
102994 603.000769 976.562500 150.686865
103042 603.301055 1178.075397 191.109065
103090 603.601341 1054.067460 180.771078
103138 603.901627 1287.774725 166.251002
103186 604.201913 1612.103175 223.558487
103234 604.502199 1116.071429 186.011905
103282 604.802484 2017.513736 208.090653
103330 605.102770 1674.107143 227.817126
103378 605.403056 1631.181319 187.109330
103426 605.703342 2064.732143 240.020236
103474 606.003628 2418.154762 237.119583
103522 606.303913 2734.375000 276.213586
103570 606.604199 2532.623626 233.146903
103618 606.904485 2914.186508 300.575388
103666 607.204771 2918.956044 250.298416
103714 607.505057 3683.035714 320.567112
103762 607.805342 2836.681548 256.821080
103810 608.105628 3459.821429 310.701136
103858 608.405914 5022.321429 328.319423
103906 608.706200 4764.766484 319.790188
103954 609.006486 4278.273810 364.190852
104002 609.306772 4421.359890 308.050740
104050 609.607057 5270.337302 404.216419
104098 609.907343 6510.416667 449.261432
104146 610.207629 6181.318681 364.237696
104194 610.507915 5456.349206 411.287796
104242 610.808201 6395.947802 370.507308
104290 611.108486 7812.500000 466.886176
104338 611.408772 8277.529762 438.708200
104386 611.709058 7812.500000 492.141241
104434 612.009344 7750.496032 490.184409
104482 612.309630 9314.903846 447.129693
104530 612.609915 9610.615079 545.846257
104578 612.910201 9982.638889 556.310716
104626 613.210487 10478.670635 569.964543
104674 613.510773 11031.936813 486.597873
104722 613.811059 12648.809524 626.209384
104770 614.111345 12896.825397 632.318888
104818 614.411630 15195.741758 571.090947
104866 614.711916 15562.996032 694.610507
104914 615.012202 18071.771978 622.794391
104962 615.312488 18787.202381 763.177928
105010 615.612774 21019.345238 807.243091
105058 615.913059 24987.599206 880.150643
105106 616.213345 28416.895604 780.966921
105154 616.513631 35838.293651 1054.067460
105202 616.813917 36112.882653 848.365619
105250 617.114203 40135.645604 928.131366
105298 617.414488 42539.491758 955.521518
105346 617.714774 45262.896825 1184.584150
105394 618.015060 50099.206349 1246.264338
105442 618.315346 53700.206044 1073.574777
105490 618.615632 52331.349206 1273.725111
105538 618.915918 52827.380952 1279.747485
105586 619.216203 51525.297619 1263.877549
105634 619.516489 50437.843407 1040.453266
105682 619.816775 46564.980159 1201.501883
105730 620.117061 41466.346154 943.392041
105778 620.417347 41542.658730 1134.858954
105826 620.717632 33172.123016 1014.101391
105874 621.017918 30319.940476 969.524787
105922 621.318204 22063.873626 688.153311
105970 621.618490 19903.273810 785.519560
106018 621.918776 17423.115079 734.949751
106066 622.219062 13264.079670 533.559534
106114 622.519347 10478.670635 569.964543
106162 622.819633 8885.645604 436.705657
106210 623.119919 7626.488095 486.247121
106258 623.420205 6634.424603 453.519929
106306 623.720491 6009.615385 359.143212
106354 624.020776 4216.269841 361.542156
106402 624.321062 4206.730769 300.480769
106450 624.621348 3968.253968 350.747411
106498 624.921634 3534.226190 331.010610
106546 625.221920 3720.238095 339.609721
106594 625.522205 3734.546703 283.115255
106642 625.822491 2480.158730 277.290176
106690 626.122777 3844.246032 345.223485
106738 626.423063 3434.065934 271.486750
106786 626.723349 2666.170635 287.500573
106834 627.023635 2833.104396 246.590086
106882 627.323920 3292.410714 303.090974
106930 627.624206 2139.136905 223.020439
106978 627.924492 2232.142857 249.561158
107026 628.224778 2103.365385 212.471990
107074 628.525064 2103.365385 212.471990
107122 628.825349 1798.115079 236.104077
107170 629.125635 2418.154762 273.802110
107218 629.425921 2356.150794 270.269032
107266 629.726207 2403.846154 227.142111
107314 630.026493 1240.079365 196.073764
107362 630.326778 1416.552198 174.365522
107410 630.627064 1736.111111 231.997606
107458 630.927350 1364.087302 205.643898
107506 631.227636 1502.403846 179.571606
107554 631.527922 1674.107143 227.817126
107602 631.828208 1178.075397 191.109065
107650 632.128493 1030.219780 148.699417
107698 632.428779 868.055556 164.047080
107746 632.729065 1240.079365 196.073764
107794 633.029351 1373.626374 171.703297
107842 633.329637 682.043651 145.412195
107890 633.629922 558.035714 131.530279
107938 633.930208 901.442308 139.095568
107986 634.230494 434.027778 115.998803
108034 634.530780 620.039683 138.645088
108082 634.831066 558.035714 109.439808
108130 635.131351 248.015873 87.686853
108178 635.431637 248.015873 87.686853
108226 635.731923 300.480769 80.306864
108274 636.032209 558.035714 131.530279
108322 636.332495 257.554945 74.349708
108370 636.632781 496.031746 124.007937
108418 636.933066 372.023810 107.394023
108466 637.233352 472.184066 100.669981
108514 637.533638 310.019841 98.036882
108562 637.833924 223.214286 78.918168
108610 638.134210 279.017857 80.545517
108658 638.434495 334.821429 96.654621
108706 638.734781 372.023810 93.005952
108754 639.035067 186.011905 75.939042
108802 639.335353 0.000000 0.000000
108850 639.635639 310.019841 98.036882
108898 639.935924 310.019841 98.036882
108946 640.236210 343.406593 85.851648
108994 640.536496 248.015873 87.686853
109042 640.836782 279.017857 74.570659
109090 641.137068 214.629121 67.871687
109138 641.437354 128.777473 52.573183
109186 641.737639 62.003968 43.843426
109234 642.037925 62.003968 43.843426
109282 642.338211 257.554945 74.349708
109330 642.638497 124.007937 62.003968
109378 642.938783 310.019841 98.036882
109426 643.239068 128.777473 52.573183
109474 643.539354 186.011905 75.939042
109522 643.839640 429.258242 95.985061
109570 644.139926 248.015873 87.686853
109618 644.440212 124.007937 62.003968
109666 644.740497 310.019841 98.036882
