102514 599.997911 558.035714 113.908563
102562 600.298197 686.813187 121.412565
102610 600.598483 310.019841 98.036882
102658 600.898769 496.031746 124.007937
102706 601.199055 1073.145604 151.765707
102754 601.499340 558.035714 131.530279
102802 601.799626 729.739011 125.149208
102850 602.099912 496.031746 124.007937
102898 602.400198 620.039683 138.645088
102946 602.700484 1054.067460 180.771078
102994 603.000769 901.442308 139.095568
103042 603.301055 1612.103175 223.558487
103090 603.601341 1302.083333 200.915820
103138 603.901627 1545.329670 182.118848
103186 604.201913 1364.087302 205.643898
103234 604.502199 944.368132 142.368853
103282 604.802484 1426.091270 210.265686
103330 605.102770 1060.267857 171.998159
103378 605.403056 1069.568452 157.699265
103426 605.703342 2176.339286 246.421899
103474 606.003628 2446.771978 229.161192
103522 606.303913 2317.994505 223.049125
103570 606.604199 2232.142857 263.060558
103618 606.904485 1802.884615 196.710839
103666 607.204771 2511.160714 264.699581
103714 607.505057 2976.190476 263.060558
103762 607.805342 2678.571429 273.380552
103810 608.105628 3305.288462 266.347735
103858 608.405914 3777.472527 284.737705
103906 608.706200 3658.234127 336.767748
103954 609.006486 3472.222222 328.094161
104002 609.306772 4340.277778 366.820423
104050 609.607057 4421.359890 308.050740
104098 609.907343 5766.369048 422.810692
104146 610.207629 4678.914835 316.896099
104194 610.507915 5636.160714 396.558884
104242 610.808201 6184.895833 379.220295
104290 611.108486 6305.803571 419.455814
104338 611.408772 7297.390110 395.756544
104386 611.709058 7554.945055 402.679924
104434 612.009344 6262.400794 440.620982
104482 612.309630 8618.551587 516.906374
104530 612.609915 7998.511905 497.965600
104578 612.910201 8542.239011 428.183751
104626 613.210487 9486.607143 542.313234
104674 613.510773 9915.865385 461.327809
104722 613.811059 10714.285714 546.761103
104770 614.111345 10788.690476 500.852382
104818 614.411630 11886.160714 575.886368
104866 614.711916 11117.788462 488.487581
104914 615.012202 13907.967033 546.356545
104962 615.312488 15066.964286 648.378908
105010 615.612774 16880.580357 626.497098
105058 615.913059 16741.071429 683.451379
105106 616.213345 18647.693452 658.472947
105154 616.513631 22042.410714 784.233779
105202 616.813917 24253.090659 721.485934
105250 617.114203 28087.797619 933.154572
105298 617.414488 29747.596154 799.043204
105346 617.714774 35528.273810 1049.498442
105394 618.015060 37078.373016 1072.148838
105442 618.315346 42324.862637 953.107972
105490 618.615632 43216.765873 1157.499672
105538 618.915918 46274.038462 996.581968
105586 619.216203 47042.410714 1145.673279
105634 619.516489 49944.196429 1077.625579
105682 619.816775 50334.821429 1185.087086
105730 620.117061 48033.997253 1015.356814
105778 620.417347 46402.815934 997.967714
105826 620.717632 41108.630952 1128.915021
105874 621.017918 36520.337302 1064.050242
105922 621.318204 32366.071429 1001.704763
105970 621.618490 30691.964286 811.627335
106018 621.918776 29327.876984 953.531529
106066 622.219062 19617.101648 648.876050
106114 622.519347 16307.043651 711.020892
106162 622.819633 13392.857143 644.364140
106210 623.119919 12648.809524 626.209384
106258 623.420205 10302.197802 470.228844
106306 623.720491 8432.539683 511.297821
106354 624.020776 6448.412698 447.116974
106402 624.321062 5923.763736 356.568675
106450 624.621348 5208.333333 401.831641
106498 624.921634 4635.989011 315.439098
106546 625.221920 4836.309524 387.214658
106594 625.522205 4340.277778 366.820423
106642 625.822491 3596.230159 333.901588
106690 626.122777 3090.659341 257.554945
106738 626.423063 3100.198413 310.019841
106786 626.723349 3262.362637 264.612552
106834 627.023635 3286.210317 319.184962
106882 627.323920 2542.162698 280.734906
106930 627.624206 2961.881868 252.132128
106978 627.924492 3348.214286 322.182070
107026 628.224778 2360.920330 225.104921
107074 628.525064 2666.170635 287.500573
107122 628.825349 2170.138889 259.381209
107170 629.125635 2046.130952 251.861310
107218 629.425921 1802.884615 196.710839
107266 629.726207 1860.119048 240.140336
107314 630.026493 1612.103175 223.558487
107362 630.326778 1931.662088 203.615062
107410 630.627064 1736.111111 231.997606
107458 630.927350 2360.920330 225.104921
107506 631.227636 1364.087302 205.643898
107554 631.527922 1178.075397 191.109065
107602 631.828208 1116.071429 186.011905
107650 632.128493 1631.181319 187.109330
107698 632.428779 1054.067460 180.771078
107746 632.729065 901.442308 139.095568
107794 633.029351 1116.071429 186.011905
107842 633.329637 992.063492 175.373706
107890 633.629922 815.590659 132.306276
107938 633.930208 620.039683 138.645088
107986 634.230494 372.023810 107.394023
108034 634.530780 620.039683 138.645088
108082 634.831066 858.516484 135.743375
108130 635.131351 930.059524 169.804860
108178 635.431637 515.109890 105.146366
108226 635.731923 781.250000 147.642372
108274 636.032209 372.023810 93.005952
108322 636.332495 334.821429 96.654621
108370 636.632781 325.520833 86.999102
108418 636.933066 223.214286 78.918168
108466 637.233352 257.554945 74.349708
108514 637.533638 171.703297 60.706283
108562 637.833924 682.043651 145.412195
108610 638.134210 124.007937 62.003968
108658 638.434495 300.480769 80.306864
108706 638.734781 62.003968 43.843426
108754 639.035067 310.019841 98.036882
108802 639.335353 124.007937 62.003968
108850 639.635639 343.406593 85.851648
108898 639.935924 248.015873 87.686853
108946 640.236210 128.777473 52.573183
108994 640.536496 62.003968 43.843426
109042 640.836782 310.019841 98.036882
109090 641.137068 171.703297 60.706283
109138 641.437354 186.011905 75.939042
109186 641.737639 248.015873 87.686853
109234 642.037925 85.851648 42.925824
109282 642.338211 124.007937 62.003968
109330 642.638497 186.011905 75.939042
109378 642.938783 128.777473 52.573183
109426 643.239068 124.007937 62.003968
109474 643.539354 62.003968 43.843426
109522 643.839640 186.011905 75.939042
109570 644.139926 186.011905 65.765140
109618 644.440212 167.410714 68.345138
109666 644.740497 171.703297 60.706283
