102514 599.997911 405.844156 101.461039
102562 600.298197 248.015873 87.686853
102610 600.598483 186.011905 75.939042
102658 600.898769 386.332418 91.059424
102706 601.199055 434.027778 115.998803
102754 601.499340 434.027778 115.998803
102802 601.799626 472.184066 100.669981
102850 602.099912 310.019841 98.036882
102898 602.400198 429.258242 95.985061
102946 602.700484 446.428571 111.607143
102994 603.000769 604.538690 118.559792
103042 603.301055 279.017857 88.233194
103090 603.601341 772.664835 128.777473
103138 603.901627 496.031746 124.007937
103186 604.201913 515.109890 105.146366
103234 604.502199 372.023810 107.394023
103282 604.802484 558.035714 131.530279
103330 605.102770 386.332418 91.059424
103378 605.403056 372.023810 107.394023
103426 605.703342 620.039683 138.645088
103474 606.003628 686.813187 121.412565
103522 606.303913 496.031746 124.007937
103570 606.604199 806.051587 158.079722
103618 606.904485 558.035714 109.439808
103666 607.204771 496.031746 124.007937
103714 607.505057 772.664835 128.777473
103762 607.805342 558.035714 131.530279
103810 608.105628 868.055556 164.047080
103858 608.405914 992.063492 175.373706
103906 608.706200 1116.071429 154.771260
103954 609.006486 1054.067460 180.771078
104002 609.306772 1364.087302 205.643898
104050 609.607057 992.063492 175.373706
104098 609.907343 1073.145604 151.765707
104146 610.207629 1488.095238 214.788047
104194 610.507915 1116.071429 154.771260
104242 610.808201 1116.071429 186.011905
104290 611.108486 1178.075397 191.109065
104338 611.408772 1287.774725 166.251002
104386 611.709058 930.059524 169.804860
104434 612.009344 1502.403846 179.571606
104482 612.309630 1488.095238 214.788047
104530 612.609915 1240.079365 196.073764
104578 612.910201 1798.115079 236.104077
104626 613.210487 1373.626374 171.703297
104674 613.510773 1488.095238 214.788047
104722 613.811059 1736.111111 231.997606
104770 614.111345 1631.181319 187.109330
104818 614.411630 1798.115079 236.104077
104866 614.711916 1550.099206 219.217132
104914 615.012202 2360.920330 225.104921
104962 615.312488 2064.732143 240.020236
105010 615.612774 2418.154762 237.119583
105058 615.913059 2046.130952 251.861310
105106 616.213345 3596.230159 333.901588
105154 616.513631 3100.198413 310.019841
105202 616.813917 3038.194444 306.903985
105250 617.114203 3133.585165 259.337353
105298 617.414488 3782.242063 342.428107
105346 617.714774 4421.359890 308.050740
105394 618.015060 4278.273810 364.190852
105442 618.315346 5146.329365 399.432624
105490 618.615632 3906.250000 347.996409
105538 618.915918 5322.802198 337.998278
105586 619.216203 4960.317460 392.147527
105634 619.516489 5580.357143 346.079059
105682 619.816775 4898.313492 389.688898
105730 620.117061 5270.337302 404.216419
105778 620.417347 5365.728022 339.358437
105826 620.717632 6324.404762 442.796902
105874 621.017918 8161.272321 533.519062
105922 621.318204 5394.345238 408.944257
105970 621.618490 6386.408730 444.962181
106018 621.918776 7626.488095 486.247121
106066 622.219062 7626.488095 486.247121
106114 622.519347 7383.241758 398.077717
106162 622.819633 7998.511905 497.965600
106210 623.119919 6944.444444 463.995212
106258 623.420205 7769.574176 408.359753
106306 623.720491 8246.527778 505.627059
106354 624.020776 8184.523810 503.722619
106402 624.321062 9572.458791 453.269061
106450 624.621348 9300.595238 536.970116
106498 624.921634 9014.423077 439.858807
106546 625.221920 10156.250000 532.332144
106594 625.522205 9765.625000 476.513707
106642 625.822491 12109.375000 581.268601
106690 626.122777 11504.120879 496.902340
106738 626.423063 11547.046703 497.828533
106786 626.723349 14074.900794 660.567825
106834 627.023635 14942.956349 680.633011
106882 627.323920 14074.900794 660.567825
106930 627.624206 17213.255495 607.821182
106978 627.924492 16927.083333 724.412292
107026 628.224778 16927.083333 724.412292
107074 628.525064 18930.288462 637.415969
107122 628.825349 16617.063492 717.747824
107170 629.125635 18114.697802 623.533613
107218 629.425921 17919.146825 745.338249
107266 629.726207 16989.087302 725.737842
107314 630.026493 17427.884615 611.598852
107362 630.326778 15873.015873 701.494823
107410 630.627064 13826.884921 654.721977
107458 630.927350 13221.153846 532.695469
107506 631.227636 10912.698413 581.648780
107554 631.527922 9672.619048 547.604220
107602 631.828208 8756.868132 433.529573
107650 632.128493 7812.500000 492.141241
107698 632.428779 5828.373016 425.077790
107746 632.729065 4807.692308 321.227454
107794 633.029351 4898.313492 389.688898
107842 633.329637 5208.333333 401.831641
107890 633.629922 4077.953297 295.845827
107938 633.930208 3286.210317 319.184962
107986 634.230494 3224.206349 316.159444
108034 634.530780 2575.549451 235.114422
108082 634.831066 2604.166667 284.137878
108130 635.131351 1888.736264 201.339962
108178 635.431637 3720.238095 339.609721
108226 635.731923 2108.134921 255.648910
108274 636.032209 2017.513736 208.090653
108322 636.332495 1798.115079 236.104077
108370 636.632781 1729.910714 219.698880
108418 636.933066 1255.580357 170.862845
108466 637.233352 1618.303571 212.493669
108514 637.533638 1441.592262 183.082400
108562 637.833924 1922.123016 244.109867
108610 638.134210 1364.087302 205.643898
108658 638.434495 1488.095238 214.788047
108706 638.734781 1860.119048 240.140336
108754 639.035067 1244.848901 163.456669
108802 639.335353 1488.095238 214.788047
108850 639.635639 1116.071429 154.771260
108898 639.935924 1302.083333 200.915820
108946 640.236210 1364.087302 205.643898
108994 640.536496 858.516484 135.743375
109042 640.836782 868.055556 164.047080
109090 641.137068 930.059524 169.804860
109138 641.437354 1178.075397 191.109065
109186 641.737639 901.442308 139.095568
109234 642.037925 310.019841 98.036882
109282 642.338211 729.739011 125.149208
109330 642.638497 992.063492 175.373706
109378 642.938783 682.043651 145.412195
109426 643.239068 600.961538 113.571056
109474 643.539354 186.011905 75.939042
109522 643.839640 600.961538 113.571056
109570 644.139926 223.214286 78.918168
109618 644.440212 511.532738 109.059146
109666 644.740497 558.035714 131.530279
109714 645.040783 502.232143 118.377251
109762 645.341069 418.526786 98.647709
109810 645.641355 446.428571 111.607143
109858 645.941641 600.961538 113.571056
109906 646.241927 186.011905 75.939042
109954 646.542212 171.703297 60.706283
110002 646.842498 248.015873 87.686853
110050 647.142784 214.629121 67.871687
110098 647.443070 248.015873 87.686853
110146 647.743356 62.003968 43.843426
110194 648.043641 310.019841 98.036882
110242 648.343927 42.925824 30.353141
110290 648.644213 124.007937 62.003968
110338 648.944499 128.777473 52.573183
110386 649.244785 124.007937 62.003968
110434 649.545070 62.003968 43.843426
110482 649.845356 214.629121 67.871687
110530 650.145642 62.003968 43.843426
110578 650.445928 0.000000 0.000000
110626 650.746214 119.579082 48.817956
110674 651.046500 46.502976 32.882570
110722 651.346785 111.607143 55.803571
110770 651.647071 171.703297 60.706283
110818 651.947357 214.629121 67.871687
110866 652.247643 124.007937 62.003968
110914 652.547929 124.007937 62.003968
110962 652.848214 42.925824 30.353141
111010 653.148500 124.007937 62.003968
111058 653.448786 85.851648 42.925824
111106 653.749072 0.000000 0.000000
111154 654.049358 186.011905 75.939042
111202 654.349644 186.011905 75.939042
111250 654.649929 74.114118 12.710466
111298 654.950215 186.011905 65.765140
