100916 590.000896 0.000000 0.000000
100948 590.201087 0.000000 0.000000
100980 590.401277 55.803571 27.901786
101012 590.601468 0.000000 0.000000
101044 590.801658 27.901786 19.729542
101076 591.001849 0.000000 0.000000
101108 591.202039 0.000000 0.000000
101140 591.402230 0.000000 0.000000
101172 591.602420 0.000000 0.000000
101204 591.802611 0.000000 0.000000
101236 592.002802 0.000000 0.000000
101268 592.202992 0.000000 0.000000
101300 592.403183 0.000000 0.000000
101332 592.603373 0.000000 0.000000
101364 592.803564 27.901786 19.729542
101396 593.003754 27.901786 19.729542
101428 593.203945 27.901786 19.729542
101460 593.404135 27.901786 19.729542
101492 593.604326 0.000000 0.000000
101524 593.804516 0.000000 0.000000
101556 594.004707 0.000000 0.000000
101588 594.204898 0.000000 0.000000
101620 594.405088 27.901786 19.729542
101652 594.605279 27.901786 19.729542
101684 594.805469 27.901786 19.729542
101716 595.005660 55.803571 27.901786
101748 595.205850 27.901786 19.729542
101780 595.406041 27.901786 19.729542
101812 595.606231 0.000000 0.000000
101844 595.806422 55.803571 27.901786
101876 596.006612 55.803571 27.901786
101908 596.206803 83.705357 34.172569
101940 596.406993 83.705357 34.172569
101972 596.607184 27.901786 19.729542
102004 596.807375 104.631696 42.715711
102036 597.007565 27.901786 19.729542
102068 597.207756 58.740602 29.370301
102100 597.407946 139.508929 49.323855
102132 597.608137 83.705357 34.172569
102164 597.808327 29.370301 20.767939
102196 598.008518 139.508929 49.323855
102228 598.208708 0.000000 0.000000
102260 598.408899 111.607143 39.459084
102292 598.609089 195.312500 52.199461
102324 598.809280 132.865646 42.015806
102356 599.009471 146.851504 46.438523
102388 599.209661 139.508929 44.116597
102420 599.409852 209.263393 60.409138
102452 599.610042 117.481203 41.535878
102484 599.810233 131.302521 46.422451
102516 600.010423 205.592105 54.946801
102548 600.210614 306.919643 65.435488
102580 600.410804 146.851504 46.438523
102612 600.610995 313.895089 73.985782
102644 600.811185 279.017857 62.390290
102676 601.011376 244.140625 65.249327
102708 601.211566 499.295113 85.628405
102740 601.411757 558.035714 98.647709
102772 601.611948 390.625000 73.821186
102804 601.812138 837.053571 108.063151
102836 602.012329 474.330357 81.346985
102868 602.212519 725.446429 100.601319
102900 602.412710 725.446429 100.601319
102932 602.612900 892.857143 111.607143
102964 602.813091 892.857143 111.607143
102996 603.013281 892.857143 111.607143
103028 603.213472 641.741071 94.619559
103060 603.413662 1171.875000 127.862045
103092 603.613853 1004.464286 136.690276
103124 603.814044 1171.875000 127.862045
103156 604.014234 1429.966518 157.913385
103188 604.214425 1311.383929 135.258925
103220 604.414615 1339.285714 136.690276
103252 604.614806 1204.182331 132.979692
103284 604.814996 1639.229911 169.073656
103316 605.015187 1981.026786 166.244075
103348 605.215377 2232.142857 176.466387
103380 605.415568 1981.026786 166.244075
103412 605.615758 2734.375000 195.312500
103444 605.815949 3013.392857 205.035414
103476 606.016140 2929.687500 202.167644
103508 606.216330 3794.642857 230.084019
103540 606.416521 2985.491071 204.083968
103572 606.616711 3822.544643 230.928367
103604 606.816902 4296.875000 244.837176
103636 607.017092 3431.919643 218.811205
103668 607.217283 4659.598214 254.961871
103700 607.417473 4296.875000 244.837176
103732 607.617664 5196.707589 301.037188
103764 607.817854 5404.135338 281.710028
103796 608.018045 5650.111607 313.895089
103828 608.218235 6020.911654 297.351632
103860 608.418426 6696.428571 341.725690
103892 608.618617 6640.625000 304.372548
103924 608.818807 7645.089286 326.582029
103956 609.018998 8510.044643 344.561636
103988 609.219188 8844.866071 351.274506
104020 609.419379 11356.026786 398.028533
104052 609.619569 12109.375000 411.018969
104084 609.819760 12667.410714 420.382789
104116 610.019950 16294.642857 476.785923
104148 610.220141 16629.464286 481.659501
104180 610.420331 19447.544643 520.874852
104212 610.620522 21289.062500 544.978376
104244 610.820713 23465.401786 572.156715
104276 611.020903 26192.801339 675.844809
104308 611.221094 31749.295113 682.820015
104340 611.421284 34633.091518 777.144251
104372 611.621475 37611.607143 724.372488
104404 611.821665 41015.625000 756.442060
104436 612.021856 47907.366071 817.527083
104468 612.222046 52176.339286 853.174378
104500 612.422237 54436.383929 871.456344
104532 612.622427 58593.750000 904.121191
104564 612.822618 65011.160714 952.346438
104596 613.022808 68750.000000 979.348704
104628 613.222999 74190.848214 1017.363541
104660 613.423190 76785.714286 1035.002064
104692 613.623380 78459.821429 1046.223954
104724 613.823571 84068.080357 1082.970351
104756 614.023761 81054.687500 1063.383873
104788 614.223952 82393.973214 1072.133150
104820 614.424142 82142.857143 1070.498108
104852 614.624333 80664.062500 1060.818407
104884 614.824523 77455.357143 1039.505358
104916 615.024714 75418.526786 1025.746453
104948 615.224904 69642.857143 985.687597
104980 615.425095 61411.830357 925.607836
105012 615.625286 57366.071429 894.599305
105044 615.825476 52092.633929 852.489739
105076 616.025667 48967.633929 826.524177
105108 616.225857 41880.580357 764.376536
105140 616.426048 36914.062500 717.623948
105172 616.626238 32979.910714 678.306126
105204 616.826429 29380.580357 640.222874
105236 617.026619 26116.071429 603.607914
105268 617.226810 22265.625000 557.337733
105300 617.427000 18359.375000 506.092554
105330 617.614679 16880.580357 485.282565
105364 617.827381 13833.411654 450.716907
105396 618.027572 12952.302632 436.126715
105428 618.227763 10567.801339 429.287585
105460 618.427953 8722.979323 357.908177
105492 618.628144 7533.482143 362.454829
105524 618.828334 7282.366071 318.740504
105556 619.028525 5915.178571 287.266466
105588 619.228715 5412.946429 274.800720
105620 619.428906 5357.142857 273.380552
105652 619.629096 4268.973214 244.040955
105684 619.829287 3571.428571 223.214286
105716 620.029477 3962.053571 235.104625
105748 620.229668 3404.017857 217.919913
105780 620.429859 3236.607143 212.493669
105812 620.630049 3236.607143 212.493669
105844 620.830240 3069.196429 231.349385
105876 621.030430 3054.511278 211.792251
105908 621.230621 3138.950893 233.963586
105940 621.430811 2643.327068 197.021967
105972 621.631002 2580.915179 212.149921
106004 621.831192 2371.651786 181.897389
106034 622.018871 2306.547619 207.134091
106068 622.231573 2945.188492 213.666430
106100 622.431764 2790.178571 220.582984
106132 622.631954 2064.732143 169.719937
106164 622.832145 2734.375000 195.312500
106196 623.032336 2371.651786 181.897389
106228 623.232526 2613.956767 195.924343
106260 623.432717 2406.529018 204.857354
106292 623.632907 2706.473214 194.313453
106324 623.833098 2755.301339 219.200005
106356 624.033288 2672.697368 198.113510
106388 624.233479 1918.247768 182.897748
106420 624.433669 2320.253759 184.589478
106452 624.633860 1813.616071 177.839687
106484 624.834050 2232.142857 176.466387
106516 625.034241 2315.848214 179.744681
106548 625.234432 2036.830357 168.569280
106580 625.434622 2057.756696 189.431858
106612 625.634813 1409.774436 143.884501
106644 625.835003 1953.125000 184.552965
106676 626.035194 2232.142857 176.466387
106708 626.235384 1757.812500 156.598384
106740 626.435575 1729.910714 155.350568
106772 626.635765 1953.125000 165.069190
106804 626.835956 1925.223214 163.885883
106836 627.036146 1674.107143 152.824374
106868 627.236337 1339.285714 136.690276
106900 627.436528 1422.991071 140.897111
106932 627.636718 976.562500 116.721544
106964 627.836909 1367.187500 138.106793
106996 628.037099 1116.071429 124.780579
107028 628.237290 1199.776786 129.375258
107060 628.437480 1255.580357 132.349790
107092 628.637671 1339.285714 136.690276
107124 628.837861 976.562500 130.498653
107156 629.038052 998.590226 121.096852
107188 629.238242 1150.948661 141.671987
107220 629.438433 864.955357 109.849440
107252 629.638623 976.562500 116.721544
107284 629.838814 781.250000 104.398923
107316 630.039005 809.151786 106.246835
107348 630.239195 948.660714 115.042010
107380 630.439386 763.627820 105.896125
107412 630.639576 871.930804 123.309637
107444 630.839767 920.758929 113.337589
107476 631.039957 871.930804 123.309637
107508 631.240148 763.627820 105.896125
107540 631.440338 871.930804 123.309637
107572 631.640529 725.446429 100.601319
107604 631.840719 641.741071 94.619559
107636 632.040910 809.151786 106.246835
107668 632.241101 1004.464286 118.377251
107700 632.441291 641.741071 94.619559
107732 632.641482 641.741071 94.619559
107764 632.841672 669.642857 96.654621
107796 633.041863 446.428571 78.918168
107828 633.242053 585.937500 90.412119
107860 633.442244 837.053571 108.063151
107892 633.642434 669.642857 96.654621
107924 633.842625 837.053571 108.063151
107956 634.042815 753.348214 102.517707
107988 634.243006 697.544643 98.647709
108020 634.443196 767.299107 115.674693
108052 634.643387 616.776316 95.170652
108084 634.843578 732.421875 113.015149
108116 635.043768 669.642857 96.654621
108148 635.243959 585.937500 90.412119
108180 635.444149 558.035714 88.233194
108212 635.644340 418.526786 76.412187
108244 635.844530 809.151786 106.246835
108276 636.044721 613.839286 92.539754
108308 636.244911 641.741071 94.619559
108340 636.445102 1060.267857 121.621064
108372 636.645292 809.151786 106.246835
108404 636.845483 669.642857 96.654621
108436 637.045674 530.133929 85.999079
108468 637.245864 1004.464286 118.377251
108500 637.446055 781.250000 104.398923
108532 637.646245 641.741071 94.619559
108564 637.846436 641.741071 94.619559
108596 638.046626 837.053571 108.063151
108628 638.246817 753.348214 102.517707
108660 638.447007 837.053571 108.063151
108692 638.647198 641.741071 94.619559
108724 638.847388 446.428571 78.918168
108756 639.047579 753.348214 102.517707
108788 639.247769 837.053571 108.063151
108820 639.447960 920.758929 113.337589
108852 639.648151 837.053571 120.818276
108884 639.848341 939.849624 117.481203
