102514 599.997911 0.000000 0.000000
102562 600.298197 0.000000 0.000000
102610 600.598483 0.000000 0.000000
102658 600.898769 0.000000 0.000000
102706 601.199055 62.003968 43.843426
102754 601.499340 0.000000 0.000000
102802 601.799626 0.000000 0.000000
102850 602.099912 0.000000 0.000000
102898 602.400198 0.000000 0.000000
102946 602.700484 0.000000 0.000000
102994 603.000769 0.000000 0.000000
103042 603.301055 0.000000 0.000000
103090 603.601341 0.000000 0.000000
103138 603.901627 0.000000 0.000000
103186 604.201913 0.000000 0.000000
103234 604.502199 0.000000 0.000000
103282 604.802484 0.000000 0.000000
103330 605.102770 0.000000 0.000000
103378 605.403056 0.000000 0.000000
103426 605.703342 0.000000 0.000000
103474 606.003628 0.000000 0.000000
103522 606.303913 0.000000 0.000000
103570 606.604199 0.000000 0.000000
103618 606.904485 0.000000 0.000000
103666 607.204771 0.000000 0.000000
103714 607.505057 0.000000 0.000000
103762 607.805342 0.000000 0.000000
103810 608.105628 0.000000 0.000000
103858 608.405914 0.000000 0.000000
103906 608.706200 0.000000 0.000000
103954 609.006486 0.000000 0.000000
104002 609.306772 0.000000 0.000000
104050 609.607057 0.000000 0.000000
104098 609.907343 0.000000 0.000000
104146 610.207629 0.000000 0.000000
104194 610.507915 0.000000 0.000000
104242 610.808201 0.000000 0.000000
104290 611.108486 0.000000 0.000000
104338 611.408772 0.000000 0.000000
104386 611.709058 0.000000 0.000000
104434 612.009344 0.000000 0.000000
104482 612.309630 0.000000 0.000000
104530 612.609915 0.000000 0.000000
104578 612.910201 0.000000 0.000000
104626 613.210487 0.000000 0.000000
104674 613.510773 0.000000 0.000000
104722 613.811059 0.000000 0.000000
104770 614.111345 0.000000 0.000000
104818 614.411630 0.000000 0.000000
104866 614.711916 0.000000 0.000000
104914 615.012202 0.000000 0.000000
104962 615.312488 42.925824 30.353141
105010 615.612774 0.000000 0.000000
105058 615.913059 0.000000 0.000000
105106 616.213345 0.000000 0.000000
105154 616.513631 0.000000 0.000000
105202 616.813917 0.000000 0.000000
105250 617.114203 0.000000 0.000000
105298 617.414488 0.000000 0.000000
105346 617.714774 0.000000 0.000000
105394 618.015060 0.000000 0.000000
105442 618.315346 0.000000 0.000000
105490 618.615632 0.000000 0.000000
105538 618.915918 0.000000 0.000000
105586 619.216203 0.000000 0.000000
105634 619.516489 0.000000 0.000000
105682 619.816775 0.000000 0.000000
105730 620.117061 0.000000 0.000000
105778 620.417347 0.000000 0.000000
105826 620.717632 0.000000 0.000000
105874 621.017918 0.000000 0.000000
105922 621.318204 0.000000 0.000000
105970 621.618490 0.000000 0.000000
106018 621.918776 0.000000 0.000000
106066 622.219062 0.000000 0.000000
106114 622.519347 62.003968 43.843426
106162 622.819633 0.000000 0.000000
106210 623.119919 0.000000 0.000000
106258 623.420205 0.000000 0.000000
106306 623.720491 0.000000 0.000000
106354 624.020776 0.000000 0.000000
106402 624.321062 0.000000 0.000000
106450 624.621348 0.000000 0.000000
106498 624.921634 0.000000 0.000000
106546 625.221920 0.000000 0.000000
106594 625.522205 46.502976 32.882570
106642 625.822491 0.000000 0.000000
106690 626.122777 42.925824 30.353141
106738 626.423063 0.000000 0.000000
106786 626.723349 0.000000 0.000000
106834 627.023635 0.000000 0.000000
106882 627.323920 62.003968 43.843426
106930 627.624206 0.000000 0.000000
106978 627.924492 0.000000 0.000000
107026 628.224778 0.000000 0.000000
107074 628.525064 0.000000 0.000000
107122 628.825349 0.000000 0.000000
107170 629.125635 0.000000 0.000000
107218 629.425921 0.000000 0.000000
107266 629.726207 0.000000 0.000000
107314 630.026493 0.000000 0.000000
107362 630.326778 42.925824 30.353141
107410 630.627064 0.000000 0.000000
107458 630.927350 0.000000 0.000000
107506 631.227636 0.000000 0.000000
107554 631.527922 0.000000 0.000000
107602 631.828208 0.000000 0.000000
107650 632.128493 0.000000 0.000000
107698 632.428779 0.000000 0.000000
107746 632.729065 0.000000 0.000000
107794 633.029351 42.925824 30.353141
107842 633.329637 0.000000 0.000000
107890 633.629922 0.000000 0.000000
107938 633.930208 0.000000 0.000000
107986 634.230494 0.000000 0.000000
108034 634.530780 0.000000 0.000000
108082 634.831066 0.000000 0.000000
108130 635.131351 0.000000 0.000000
108178 635.431637 0.000000 0.000000
108226 635.731923 0.000000 0.000000
108274 636.032209 0.000000 0.000000
108322 636.332495 0.000000 0.000000
108370 636.632781 0.000000 0.000000
108418 636.933066 0.000000 0.000000
108466 637.233352 0.000000 0.000000
108514 637.533638 0.000000 0.000000
108562 637.833924 0.000000 0.000000
108610 638.134210 0.000000 0.000000
108658 638.434495 0.000000 0.000000
108706 638.734781 0.000000 0.000000
108754 639.035067 0.000000 0.000000
108802 639.335353 0.000000 0.000000
108850 639.635639 0.000000 0.000000
108898 639.935924 0.000000 0.000000
108946 640.236210 0.000000 0.000000
108994 640.536496 46.502976 32.882570
109042 640.836782 0.000000 0.000000
109090 641.137068 0.000000 0.000000
109138 641.437354 0.000000 0.000000
109186 641.737639 42.925824 30.353141
109234 642.037925 0.000000 0.000000
109282 642.338211 0.000000 0.000000
109330 642.638497 0.000000 0.000000
109378 642.938783 0.000000 0.000000
109426 643.239068 42.925824 30.353141
109474 643.539354 0.000000 0.000000
109522 643.839640 0.000000 0.000000
109570 644.139926 0.000000 0.000000
109618 644.440212 0.000000 0.000000
109666 644.740497 62.003968 43.843426
109714 645.040783 128.777473 52.573183
109762 645.341069 0.000000 0.000000
109810 645.641355 0.000000 0.000000
109858 645.941641 0.000000 0.000000
109906 646.241927 0.000000 0.000000
109954 646.542212 42.925824 30.353141
110002 646.842498 55.803571 39.459084
110050 647.142784 0.000000 0.000000
110098 647.443070 0.000000 0.000000
110146 647.743356 0.000000 0.000000
110194 648.043641 0.000000 0.000000
110242 648.343927 0.000000 0.000000
110290 648.644213 0.000000 0.000000
110338 648.944499 0.000000 0.000000
110386 649.244785 0.000000 0.000000
110434 649.545070 0.000000 0.000000
110482 649.845356 0.000000 0.000000
110530 650.145642 0.000000 0.000000
110578 650.445928 0.000000 0.000000
110626 650.746214 0.000000 0.000000
110674 651.046500 0.000000 0.000000
110722 651.346785 0.000000 0.000000
110770 651.647071 0.000000 0.000000
110818 651.947357 0.000000 0.000000
110866 652.247643 0.000000 0.000000
110914 652.547929 0.000000 0.000000
110962 652.848214 0.000000 0.000000
111010 653.148500 0.000000 0.000000
111058 653.448786 0.000000 0.000000
111106 653.749072 0.000000 0.000000
111154 654.049358 0.000000 0.000000
111202 654.349644 11.388484 8.052874
111250 654.649929 0.000000 0.000000
111298 654.950215 0.000000 0.000000
